>> diary
>> A = ones(2,4); myInv(A)

ans =

     2     4

>> A = zeros(3,3); myInv(A)

ans =

     0

>> for k = 7:2:13
A = hilb(k); myInv(A)
end

ans =

   1.0e+08 *

    0.0000   -0.0000    0.0001   -0.0003    0.0005   -0.0004    0.0001
   -0.0000    0.0004   -0.0032    0.0113   -0.0194    0.0160   -0.0050
    0.0001   -0.0032    0.0286   -0.1058    0.1871   -0.1572    0.0505
   -0.0003    0.0113   -0.1058    0.4032   -0.7277    0.6209   -0.2018
    0.0005   -0.0194    0.1871   -0.7277    1.3340   -1.1526    0.3784
   -0.0004    0.0160   -0.1572    0.6209   -1.1526    1.0059   -0.3330
    0.0001   -0.0050    0.0505   -0.2018    0.3784   -0.3330    0.1110


ans =

   1.0e+11 *

    0.0000   -0.0000    0.0000   -0.0000    0.0000   -0.0000    0.0000   -0.0000    0.0000
   -0.0000    0.0000   -0.0000    0.0002   -0.0005    0.0010   -0.0011    0.0007   -0.0002
    0.0000   -0.0000    0.0004   -0.0026    0.0089   -0.0175    0.0194   -0.0114    0.0028
   -0.0000    0.0002   -0.0026    0.0176   -0.0624    0.1243   -0.1398    0.0830   -0.0202
    0.0000   -0.0005    0.0089   -0.0624    0.2254   -0.4545    0.5165   -0.3092    0.0758
   -0.0000    0.0010   -0.0175    0.1243   -0.4545    0.9255   -1.0605    0.6393   -0.1577
    0.0000   -0.0011    0.0194   -0.1398    0.5165   -1.0605    1.2237   -0.7421    0.1840
   -0.0000    0.0007   -0.0114    0.0830   -0.3092    0.6393   -0.7421    0.4523   -0.1126
    0.0000   -0.0002    0.0028   -0.0202    0.0758   -0.1577    0.1840   -0.1126    0.0282


ans =

   1.0e+14 *

  Columns 1 through 9 

    0.0000   -0.0000    0.0000   -0.0000    0.0000   -0.0000    0.0000   -0.0000    0.0000
   -0.0000    0.0000   -0.0000    0.0000   -0.0000    0.0000   -0.0000    0.0001   -0.0000
    0.0000   -0.0000    0.0000   -0.0000    0.0002   -0.0006    0.0012   -0.0016    0.0013
   -0.0000    0.0000   -0.0000    0.0003   -0.0019    0.0064   -0.0137    0.0183   -0.0149
    0.0000   -0.0000    0.0002   -0.0019    0.0110   -0.0381    0.0817   -0.1101    0.0905
   -0.0000    0.0000   -0.0006    0.0064   -0.0381    0.1329   -0.2877    0.3902   -0.3227
    0.0000   -0.0000    0.0012   -0.0137    0.0817   -0.2877    0.6270   -0.8555    0.7111
   -0.0000    0.0001   -0.0016    0.0183   -0.1101    0.3902   -0.8555    1.1733   -0.9796
    0.0000   -0.0000    0.0013   -0.0149    0.0905   -0.3227    0.7111   -0.9796    0.8212
   -0.0000    0.0000   -0.0006    0.0068   -0.0415    0.1487   -0.3292    0.4553   -0.3830
    0.0000   -0.0000    0.0001   -0.0013    0.0081   -0.0293    0.0651   -0.0903    0.0762

  Columns 10 through 11 

   -0.0000    0.0000
    0.0000   -0.0000
   -0.0006    0.0001
    0.0068   -0.0013
   -0.0415    0.0081
    0.1487   -0.0293
   -0.3292    0.0651
    0.4553   -0.0903
   -0.3830    0.0762
    0.1792   -0.0357
   -0.0357    0.0071


ans =

   1.0e+16 *

  Columns 1 through 9 

    0.0000   -0.0000    0.0000   -0.0000    0.0000   -0.0000    0.0000   -0.0000    0.0000
   -0.0000    0.0000   -0.0000    0.0000   -0.0000    0.0000   -0.0000    0.0000   -0.0000
    0.0000   -0.0000    0.0000   -0.0000    0.0000   -0.0000    0.0001   -0.0002    0.0003
   -0.0000    0.0000   -0.0000    0.0000   -0.0001    0.0006   -0.0018    0.0038   -0.0055
    0.0000   -0.0000    0.0000   -0.0001    0.0010   -0.0048    0.0155   -0.0334    0.0486
   -0.0000    0.0000   -0.0000    0.0006   -0.0048    0.0245   -0.0803    0.1763   -0.2615
    0.0000   -0.0000    0.0001   -0.0018    0.0155   -0.0803    0.2688   -0.6010    0.9062
   -0.0000    0.0000   -0.0002    0.0039   -0.0335    0.1766   -0.6016    1.3662   -2.0891
    0.0000   -0.0000    0.0003   -0.0055    0.0488   -0.2623    0.9080   -2.0910    3.2372
   -0.0000    0.0000   -0.0003    0.0053   -0.0476    0.2599   -0.9128    2.1287   -3.3319
    0.0000   -0.0000    0.0002   -0.0032    0.0297   -0.1646    0.5858   -1.3817    2.1839
   -0.0000    0.0000   -0.0001    0.0011   -0.0107    0.0603   -0.2171    0.5174   -0.8250
    0.0000   -0.0000    0.0000   -0.0002    0.0017   -0.0097    0.0354   -0.0850    0.1367

  Columns 10 through 13 

   -0.0000    0.0000   -0.0000    0.0000
    0.0000   -0.0000    0.0000   -0.0000
   -0.0003    0.0002   -0.0001    0.0000
    0.0052   -0.0032    0.0011   -0.0002
   -0.0473    0.0295   -0.0106    0.0017
    0.2589   -0.1638    0.0599   -0.0096
   -0.9102    0.5836   -0.2161    0.0352
    2.1249   -1.3781    0.5157   -0.0847
   -3.3291    2.1804   -0.8231    0.1363
    3.4596   -2.2854    0.8694   -0.1450
   -2.2871    1.5223   -0.5830    0.0978
    0.8706   -0.5834    0.2248   -0.0379
   -0.1453    0.0979   -0.0379    0.0064

>> diary
